Sun 1.988544e30 3.248857201505940E-03 4.258061808854878E-03 -1.532558575256759E-04 -3.094621886005422E-06 6.669143980822078E-06 6.598484250701183E-08 NONE
Mercury 3.285e23 1.315393730474985E-01 -4.263243028101378E-01 -4.710669512770612E-02 2.132037031524655E-02 9.471871246942707E-03 -1.182760621212893E-03 Sun
Venus 4.867e24 -4.307484269579476E-01 5.758845316664332E-01 3.272915052303813E-02 -1.618211807032347E-02 -1.233408667278015E-02 7.644728770058147E-04 Sun
Earth 5.97219e24 -9.104898410198622e-01 3.857452056783656e-01 -1.628316905614755e-04 -6.914318562972692e-03 -1.594069122030351e-02 1.380732474360381e-06 Sun
Mars 6.39e23 1.048478997308784E+00 1.022816581903136E+00 -4.460910536666158E-03 -9.236894890765637E-03 1.122407656504615E-02 4.617508999713471E-04 Sun
Jupiter 1.898e27 -5.282323493108886E+00 -1.345185741500675E+00 1.237216926418981E-01 1.775216770251634E-03 -6.955827469435504E-03 -1.080573356045516E-05 Sun
Saturn 5.683e26 -1.616071992375439E+00 -9.913032834803090E+00 2.366775708305886E-01 5.199453640395608E-03 -9.155577750702737E-04 -1.908649484814031E-04 Sun
Uranus 8.681e25 1.826633431619847E+01 7.994643181730940E+00 -2.069512500723754E-01 -1.605683727063641E-03 3.419771447086874E-03 3.362643637470465E-05 Sun
Neptune 1.024e26 2.838685297099112E+01 -9.545889075405643E+00 -4.576242856864182E-01 9.799268556918304E-04 2.993828125065252E-03 -8.464212926256503E-05 Sun
Pluto 1.30900e22 9.810667011584741E+00 -3.178583956095513E+01 5.634575009019710E-01 3.066384482589525E-03 2.816819374754516E-04 -9.046535872101716E-04 Sun
Moon 7.34767309e22 -8.481327703237459E-01 5.070194470288066E-01 7.160819546585743E-05 -8.649714199617027E-03 -1.520536258429802E-02 1.254799522840087E-05 Earth
Halley 2.2e14 -2.045988364343734E+01 2.588441372119544E+01 -9.894391889653070E+00 6.571547808868299E-05 7.758480922504592E-04 -1.105726105549571E-04 Sun
