Sun 1.988544e30 3.261149394866337E-03 4.231371539518665E-03 -1.535176124724180E-04 -3.051544850100405E-06 6.675862737270047E-06 6.489389238580795E-08 NONE
Mercury 3.285e23 4.375474670629206E-02 -4.531335360439293E-01 -4.124078439527441E-02 2.237907147296213E-02 3.933338275691539E-03 -1.732451938665852E-03 Sun
Venus 4.867e24 -3.633905501485544E-01 6.214712677201456E-01 2.946810443216966E-02 -1.746093044909267E-02 -1.043511253385445E-02 8.643104219270488E-04 Sun
Earth 5.97219e24 -8.080710478556489E-01 5.671745075607483E-01 -1.722356547541131E-04 -1.009041269912972E-02 -1.418589782061685E-02 6.288272334935737E-08 Sun
Moon 7.34767309e22 -8.106802200832652E-01 5.671062922640511E-01 -5.749505856304788E-05 -1.010422756515534E-02 -1.476576082763525E-02 4.848964822046091E-05 Earth
Mars 6.39e23 1.084618583130849E+00 9.771535536527891E-01 -6.304151072710969E-03 -8.829921176818812E-03 1.160515678322393E-02 4.597485150359170E-04 Sun
Jupiter 1.898e27 -5.289344035912937E+00 -1.317342883940967E+00 1.237631554818040E-01 1.734870114527018E-03 -6.965059733684060E-03 -9.907781393337191E-06 Sun
Saturn	5.683e26 -1.636866427227013E+00 -9.909349382266910E+00 2.374415058224186E-01 5.197974667736315E-03 -9.262767345461852E-04 -1.910683367584899E-04 Sun
Uranus 8.681e25 1.827275196345342E+01 7.980961662929214E+00 -2.070854304921442E-01 -1.603005585285416E-03 3.420961527319726E-03 3.348810849019997E-05 Sun
Neptune 1.024e26 2.838293145079962E+01 -9.557865136362178E+00 -4.572876955935410E-01 9.804759197650952E-04 2.993404881191693E-03 -8.411136202091820E-05 Sun
Pluto 1.309e22 9.798424368808874E+00 -3.178691250558990E+01 5.671179886923301E-01 3.071903913733369E-03 2.715494204756173E-04 -9.283046174088497E-04 Sun
Halley 2.2e14 -2.046014531862305E+01 2.588130882742963E+01 -9.893949025257642E+00 6.512209371262766E-05 7.765988008311687E-04 -1.108595946468710E-04 Sun
